from,to,distance
1432,1466,0.998215
1466,1432,0.998215
2687,2701,0.988972
2701,2687,0.988972
728,729,0.988803
729,728,0.988803
870,722,0.987038
722,870,0.987038
2420,2683,0.985335
2683,2420,0.985335
1194,1312,0.984692
1312,1194,0.984692
2567,2630,0.984369
2630,2567,0.984369
854,855,0.982901
855,854,0.982901
2501,2630,0.982662
2630,2501,0.982662
742,902,0.982591
902,742,0.982591
1992,2012,0.982519
2012,1992,0.982519
2501,2567,0.981978
2567,2501,0.981978
178,5,0.981629
5,178,0.981629
120,45,0.981256
45,120,0.981256
2010,1983,0.981245
1983,2010,0.981245
2306,1960,0.981231
1960,2306,0.981231
2627,2513,0.981156
2513,2627,0.981156
2353,2354,0.981022
2354,2353,0.981022
2586,2591,0.980989
2591,2586,0.980989
2683,2531,0.980955
2531,2683,0.980955
2579,2631,0.980877
2631,2579,0.980877
1961,2012,0.980683
2012,1961,0.980683
1961,1983,0.980544
1983,1961,0.980544
1978,2012,0.980447
2579,2501,0.980444
2631,2501,0.980436
1978,1961,0.980300
2277,1983,0.980263
104,418,0.980011
418,104,0.980011
2530,2683,0.979803
2277,2350,0.979606
2350,2277,0.979606
2593,2529,0.979465
2529,2593,0.979465
2627,2501,0.979434
2350,2012,0.979386
2308,2366,0.979262
2366,2308,0.979262
1909,1910,0.979231
1910,1909,0.979231
1960,2022,0.979069
2022,1960,0.979069
2384,2579,0.979057
2010,1961,0.979037
2273,1966,0.978989
1966,2273,0.978989
2513,2630,0.978977
1430,1281,0.978739
1281,1430,0.978739
2310,2035,0.978610
2035,2310,0.978610
2271,2277,0.978602
324,3,0.978407
3,324,0.978407
2271,2008,0.978407
2008,2271,0.978407
2306,2310,0.978300
2310,2306,0.978300
2384,2501,0.978297
2309,2277,0.978009
74,239,0.977924
239,74,0.977924
2638,2586,0.977632
2586,2638,0.977632
2304,1983,0.977460
2279,2264,0.977277
2264,2279,0.977277
2276,2035,0.977255
2035,2276,0.977255
418,160,0.977219
160,418,0.977219
2638,2591,0.977088
2591,2638,0.977088
2304,1961,0.977021
1513,1491,0.976615
1491,1513,0.976615
2532,2593,0.976593
2593,2532,0.976593
2323,1994,0.976577
1994,2323,0.976577
1227,1430,0.976476
1430,1227,0.976476
2366,1960,0.976295
2349,2264,0.976260
2264,2349,0.976260
2273,2323,0.976213
2323,2273,0.976213
1513,1432,0.976202
1432,1513,0.976202
1391,1222,0.976180
1222,1391,0.976180
1984,1994,0.976135
1994,1984,0.976135
2102,2017,0.975976
2017,2102,0.975976
104,74,0.975953
74,104,0.975953
1963,2308,0.975803
2308,1963,0.975803
1992,2350,0.975716
2053,2017,0.975663
2017,2053,0.975663
2236,2058,0.975656
2058,2236,0.975656
1957,1958,0.975585
1958,1957,0.975585
2420,2531,0.975548
2531,2420,0.975548
1375,1484,0.975495
1484,1375,0.975495
2236,2309,0.975382
2309,2236,0.975382
2532,2529,0.975161
2529,2532,0.975161
45,74,0.975003
1466,1491,0.974930
1491,1466,0.974930
2396,2532,0.974847
239,269,0.974780
269,239,0.974780
2008,2277,0.974749
2344,2310,0.974691
2349,2236,0.974630
157,104,0.974612
2023,2323,0.974533
2279,2349,0.974331
1947,1992,0.974302
1945,1960,0.974293
1101,1114,0.974211
1114,1101,0.974211
2022,2306,0.974075
2637,2666,0.973994
2666,2637,0.973994
2343,2323,0.973963
2023,2273,0.973817
735,719,0.973805
719,735,0.973805
1302,1375,0.973746
1375,1302,0.973746
162,239,0.973722
2530,2531,0.973691
2665,2590,0.973690
2590,2665,0.973690
1963,2023,0.973623
1301,1377,0.973499
1377,1301,0.973499
1947,2277,0.973442
157,74,0.973371
2367,2277,0.973317
690,654,0.973314
654,690,0.973314
2081,1984,0.973266
1984,2081,0.973266
2274,2301,0.973158
2301,2274,0.973158
2319,2010,0.973064
1945,2081,0.973022
2081,1945,0.973022
893,745,0.972984
745,893,0.972984
2396,2683,0.972974
2301,2343,0.972972
2343,2301,0.972972
0,1,0.972948
1,0,0.972948
269,104,0.972930
162,74,0.972923
2305,2277,0.972910
1966,1960,0.972882
1153,1250,0.972749
1250,1153,0.972749
2637,2586,0.972745
160,74,0.972701
2082,2081,0.972568
175,34,0.972524
34,175,0.972524
1377,1375,0.972395
2274,2343,0.972353
1082,1093,0.972296
1093,1082,0.972296
2706,2591,0.972118
2454,2684,0.972092
2684,2454,0.972092
1484,1377,0.972036
1434,1429,0.971959
1429,1434,0.971959
670,633,0.971905
633,670,0.971905
1310,1513,0.971887
2083,2264,0.971775
2107,2343,0.971647
2319,2304,0.971553
1168,1250,0.971521
1250,1168,0.971521
1135,1134,0.971446
1134,1135,0.971446
2058,2273,0.971286
2305,2309,0.971270
2462,2494,0.971265
2494,2462,0.971265
1493,1183,0.971113
1183,1493,0.971113
120,239,0.971090
2276,2274,0.971000
2686,2714,0.970980
2714,2686,0.970980
1057,1041,0.970895
1041,1057,0.970895
2043,2334,0.970807
2334,2043,0.970807
2367,1983,0.970783
2055,2157,0.970530
2157,2055,0.970530
2706,2638,0.970465
2224,2334,0.970449
2334,2224,0.970449
1168,1166,0.970051
1166,1168,0.970051
236,157,0.969919
1493,1227,0.969771
1227,1493,0.969771
1172,1281,0.969738
1281,1172,0.969738
1124,1088,0.969643
1088,1124,0.969643
2107,2323,0.969192
2082,2349,0.969102
2102,2053,0.969072
2053,2102,0.969072
1200,1519,0.968922
1519,1200,0.968922
2666,2586,0.968874
1502,1513,0.968783
238,162,0.968772
1105,1114,0.968668
1114,1105,0.968668
1153,1166,0.968655
1166,1153,0.968655
2056,2208,0.968652
2208,2056,0.968652
1391,1194,0.968630
1194,1391,0.968630
1302,1301,0.968611
1301,1302,0.968611
236,104,0.968464
324,178,0.968437
178,324,0.968437
1381,1343,0.968155
1343,1381,0.968155
1055,1056,0.968154
1056,1055,0.968154
1183,1227,0.967981
916,852,0.967813
852,916,0.967813
1325,1250,0.967780
1498,1302,0.967694
2676,2630,0.967681
1494,1432,0.967523
1226,1250,0.967395
1189,1191,0.967374
1191,1189,0.967374
792,916,0.967360
916,792,0.967360
1074,1114,0.967299
2344,2274,0.967234
1105,1101,0.967231
1101,1105,0.967231
1059,1045,0.967146
1045,1059,0.967146
1059,1044,0.967143
1044,1059,0.967143
137,74,0.967120
2583,2528,0.967084
2528,2583,0.967084
1056,1059,0.967002
840,841,0.966897
841,840,0.966897
1968,1969,0.966837
1969,1968,0.966837
137,120,0.966823
2715,2481,0.966823
2481,2715,0.966823
2354,1968,0.966786
1968,2354,0.966786
1061,1059,0.966764
1180,1375,0.966672
2246,2245,0.966650
2245,2246,0.966650
1052,1057,0.966555
1057,1052,0.966555
232,21,0.966546
21,232,0.966546
2667,2588,0.966432
2588,2667,0.966432
2634,2635,0.966424
2635,2634,0.966424
1067,1049,0.966411
1049,1067,0.966411
2218,2179,0.966405
2179,2218,0.966405
1528,1478,0.966144
1478,1528,0.966144
2159,2290,0.966054
2290,2159,0.966054
460,459,0.966046
459,460,0.966046
1050,1052,0.965985
1052,1050,0.965985
1344,1391,0.965902
223,162,0.965813
1494,1466,0.965657
2589,2638,0.965629
2262,1977,0.965593
1977,2262,0.965593
2449,2639,0.965509
2639,2449,0.965509
2589,2586,0.965460
2534,2592,0.965344
2592,2534,0.965344
1312,1391,0.965293
1080,1135,0.965252
1135,1080,0.965252
2439,2709,0.965160
2709,2439,0.965160
2482,2666,0.965068
1498,1517,0.965048
1517,1498,0.965048
1502,1466,0.964988
2262,2338,0.964988
2338,2262,0.964988
1180,1484,0.964965
2445,2373,0.964848
2373,2445,0.964848
1378,1375,0.964844
2,324,0.964807
2678,2660,0.964771
2660,2678,0.964771
1997,1909,0.964616
1909,1997,0.964616
1310,1502,0.964588
841,868,0.964495
868,841,0.964495
2461,2711,0.964317
2711,2461,0.964317
2716,2481,0.964312
2481,2716,0.964312
2676,2501,0.964288
2585,2531,0.964258
1093,1114,0.964214
1849,1856,0.964159
1856,1849,0.964159
2353,1968,0.964158
2338,1977,0.964152
1977,2338,0.964152
1140,1139,0.964010
1139,1140,0.964010
238,157,0.963832
684,696,0.963816
696,684,0.963816
1818,1827,0.963727
1827,1818,0.963727
2649,2384,0.963665
2369,2374,0.963562
2374,2369,0.963562
1275,1186,0.963523
1186,1275,0.963523
769,917,0.963520
917,769,0.963520
798,839,0.963410
839,798,0.963410
2700,2685,0.963368
2685,2700,0.963368
2067,2097,0.963364
2097,2067,0.963364
2663,2590,0.963355
2590,2663,0.963355
2454,2419,0.963322
2419,2454,0.963322
1203,1339,0.963217
1339,1203,0.963217
2684,2419,0.963192
2419,2684,0.963192
2083,2349,0.963154
2482,2638,0.963068
1967,2280,0.962986
2280,1967,0.962986
1222,1312,0.962916
1045,1058,0.962889
1058,1045,0.962889
2716,2715,0.962728
2715,2716,0.962728
1134,1080,0.962625
1080,1134,0.962625
690,689,0.962514
689,690,0.962514
2685,2453,0.962507
2453,2685,0.962507
754,782,0.962484
782,754,0.962484
2105,2079,0.962423
2079,2105,0.962423
2699,2663,0.962325
2663,2699,0.962325
1060,1050,0.962280
1050,1060,0.962280
223,74,0.962110
1511,1310,0.961981
2448,2394,0.961965
2394,2448,0.961965
1856,1846,0.961945
1846,1856,0.961945
2527,2583,0.961932
2583,2527,0.961932
2005,2255,0.961873
2255,2005,0.961873
1454,1375,0.961813
1368,1466,0.961779
1778,1740,0.961757
1740,1778,0.961757
1462,1472,0.961602
1472,1462,0.961602
1082,1101,0.961438
1368,1432,0.961332
2700,2454,0.961295
659,633,0.961218
633,659,0.961218
2581,2583,0.961212
1226,1166,0.961186
2050,915,0.961115
915,2050,0.961115
1041,1052,0.961104
2665,2663,0.961007
1429,1478,0.960989
1478,1429,0.960989
852,792,0.960984
792,852,0.960984
1511,1510,0.960954
1510,1511,0.960954
2228,2030,0.960915
2030,2228,0.960915
2224,2258,0.960775
2258,2224,0.960775
1510,1310,0.960595
1378,1180,0.960590
1461,1511,0.960584
2331,2328,0.960533
2328,2331,0.960533
2534,2639,0.960488
2639,2534,0.960488
1997,1910,0.960413
1910,1997,0.960413
2073,2281,0.960344
2281,2073,0.960344
2575,2508,0.960297
2508,2575,0.960297
1370,1519,0.960162
1519,1370,0.960162
2030,2077,0.960151
2077,2030,0.960151
2438,2685,0.960127
1461,1310,0.960064
21,187,0.960041
187,21,0.960041
1058,1059,0.960014
2527,2528,0.959994
2528,2527,0.959994
2043,2224,0.959991
1172,1493,0.959950
2649,2501,0.959930
1325,1153,0.959674
894,745,0.959644
745,894,0.959644
1517,1302,0.959598
2358,2025,0.959362
2025,2358,0.959362
1074,1101,0.959359
1370,1275,0.959345
1275,1370,0.959345
110,223,0.959220
678,696,0.959087
696,678,0.959087
1191,1424,0.959074
1424,1191,0.959074
1157,1154,0.958889
1154,1157,0.958889
1497,1375,0.958334
2228,2018,0.958332
2018,2228,0.958332
2448,2449,0.958323
2449,2448,0.958323
1055,1059,0.958186
652,653,0.958025
653,652,0.958025
1061,1056,0.957999
712,718,0.957814
718,712,0.957814
2199,2056,0.957731
2056,2199,0.957731
2315,2228,0.957622
2592,2448,0.957576
1438,1375,0.957523
2071,2085,0.957370
2085,2071,0.957370
2588,2664,0.957340
2664,2588,0.957340
2409,2588,0.957247
2453,2700,0.957172
2315,2331,0.957049
2331,2315,0.957049
689,654,0.957044
654,689,0.957044
3,2,0.956963
2,3,0.956963
1528,1429,0.956901
2633,2634,0.956900
2634,2633,0.956900
2438,2700,0.956809
894,893,0.956532
893,894,0.956532
1572,1753,0.956438
1753,1572,0.956438
1814,1828,0.956416
1828,1814,0.956416
2362,2315,0.956413
1497,1498,0.956389
2401,2518,0.956341
2518,2401,0.956341
2290,2028,0.956251
2028,2290,0.956251
653,696,0.956243
1914,2124,0.956241
2124,1914,0.956241
684,653,0.956153
110,238,0.955985
2710,2679,0.955876
2679,2710,0.955876
1434,1528,0.955867
678,652,0.955732
652,678,0.955732
2524,2523,0.955494
2523,2524,0.955494
1060,1052,0.955463
1868,1869,0.955411
1869,1868,0.955411
2585,2683,0.955227
1797,1788,0.955172
1788,1797,0.955172
2682,2663,0.955106
1143,1144,0.955092
1144,1143,0.955092
2402,2595,0.955070
2595,2402,0.955070
466,557,0.955065
557,466,0.955065
1068,1052,0.954914
1438,1302,0.954879
0,177,0.954756
177,0,0.954756
1305,1421,0.954268
1421,1305,0.954268
466,506,0.954116
506,466,0.954116
1068,1050,0.954031
261,312,0.954020
312,261,0.954020
1344,1222,0.953968
5,324,0.953837
55,278,0.953795
278,55,0.953795
2584,2583,0.953790
1849,1806,0.953701
1806,1849,0.953701
2511,2400,0.953581
2400,2511,0.953581
2018,2030,0.953167
1092,1115,0.953161
1115,1092,0.953161
1846,1849,0.953148
2507,2521,0.953036
2521,2507,0.953036
1480,1440,0.953001
1440,1480,0.953001
2246,2012,0.952898
2397,2395,0.952884
2395,2397,0.952884
2541,2380,0.952810
2380,2541,0.952810
2667,2409,0.952693
2409,2667,0.952693
1850,1877,0.952659
1877,1850,0.952659
232,187,0.952653
187,232,0.952653
2432,2378,0.952582
2378,2432,0.952582
1085,1135,0.952442
2595,2400,0.952423
2400,2595,0.952423
2535,2575,0.952359
2575,2535,0.952359
2664,2667,0.952219
538,491,0.952198
491,538,0.952198
1381,1310,0.952139
2682,2588,0.952119
918,745,0.952047
1806,1856,0.951967
2394,2534,0.951934
735,758,0.951878
758,735,0.951878
2124,2353,0.951774
2402,2400,0.951730
1161,1240,0.951573
1240,1161,0.951573
2541,2521,0.951356
2521,2541,0.951356
1044,1058,0.951243
1199,1275,0.951167
2333,2224,0.951115
2362,2331,0.951076
1200,1370,0.950938
2333,2043,0.950909
2401,2380,0.950813
2380,2401,0.950813
2686,2481,0.950655
2413,2382,0.950592
2382,2413,0.950592
2679,2584,0.950508
2584,2679,0.950508
2352,2280,0.950498
2280,2352,0.950498
2105,2228,0.950488
2462,2560,0.950431
2560,2462,0.950431
451,653,0.950310
2542,2515,0.950144
2515,2542,0.950144
2503,2508,0.950105
2508,2503,0.950105
884,893,0.950082
2503,2575,0.949981
1504,1301,0.949972
506,557,0.949961
557,506,0.949961
567,506,0.949865
2587,2636,0.949829
2636,2587,0.949829
1793,1800,0.949810
1800,1793,0.949810
567,466,0.949773
424,333,0.949687
333,424,0.949687
2377,2474,0.949648
2474,2377,0.949648
2079,2030,0.949619
2581,2527,0.949583
55,208,0.949580
208,55,0.949580
1259,1253,0.949458
1253,1259,0.949458
1454,1377,0.949439
2636,2682,0.949436
2432,2547,0.949356
2547,2432,0.949356
2077,2018,0.949314
709,654,0.949266
749,756,0.949195
756,749,0.949195
2677,2678,0.949163
2678,2677,0.949163
383,406,0.949054
406,383,0.949054
2535,2508,0.948989
2431,2413,0.948985
2413,2431,0.948985
2311,1911,0.948863
1911,2311,0.948863
1574,1646,0.948853
1646,1574,0.948853
1157,1370,0.948819
2388,2423,0.948813
2423,2388,0.948813
1695,1650,0.948691
1650,1695,0.948691
884,918,0.948677
918,884,0.948677
2143,963,0.948549
963,2143,0.948549
279,301,0.948528
301,279,0.948528
2258,2333,0.948446
1199,1200,0.948427
2231,2230,0.948377
2230,2231,0.948377
593,598,0.948300
598,593,0.948300
2368,2413,0.948292
2180,2218,0.948096
2218,2180,0.948096
2199,2208,0.948064
2208,2199,0.948064
2587,2682,0.947982
376,80,0.947937
80,376,0.947937
659,670,0.947869
670,659,0.947869
2388,2432,0.947865
1,177,0.947780
177,1,0.947780
1372,1382,0.947744
1382,1372,0.947744
2184,2130,0.947721
2130,2184,0.947721
2408,2438,0.947489
963,989,0.947476
989,963,0.947476
2230,2341,0.947470
2341,2230,0.947470
2699,2665,0.947426
489,555,0.947167
555,489,0.947167
2582,2678,0.947107
2431,2368,0.947080
2368,2431,0.947080
2005,2131,0.947029
2131,2005,0.947029
1085,1134,0.947027
1679,1631,0.947014
1631,1679,0.947014
1504,1378,0.946873
2386,2415,0.946803
2415,2386,0.946803
2087,2285,0.946780
2285,2087,0.946780
2576,2654,0.946582
2654,2576,0.946582
166,294,0.946394
294,166,0.946394
2397,2592,0.946359
1365,1411,0.946271
1411,1365,0.946271
207,200,0.946116
200,207,0.946116
270,213,0.946037
213,270,0.946037
709,690,0.945919
2512,2462,0.945904
2418,2624,0.945870
2624,2418,0.945870
2227,2262,0.945857
2378,2388,0.945715
2578,2462,0.945713
2154,2014,0.945458
2014,2154,0.945458
1298,1157,0.945242
1829,1867,0.945190
1867,1829,0.945190
2446,2386,0.945155
2386,2446,0.945155
1797,1804,0.945121
1804,1797,0.945121
2097,2158,0.945116
2158,2097,0.945116
2136,2018,0.945085
2612,2422,0.945041
2422,2612,0.945041
2255,2334,0.945016
2629,2696,0.945004
2696,2629,0.945004
1554,1715,0.944745
1715,1554,0.944745
2520,2521,0.944571
1084,1101,0.944437
1818,1863,0.944423
1863,1818,0.944423
2227,2338,0.944184
2131,2255,0.944183
2507,2422,0.944018
2422,2507,0.944018
2423,2378,0.944004
2329,2328,0.943870
2328,2329,0.943870
2710,2581,0.943860
481,593,0.943846
593,481,0.943846
1495,1497,0.943719
2548,2515,0.943637
2515,2548,0.943637
1189,1424,0.943559
1424,1189,0.943559
364,53,0.943555
53,364,0.943555
1109,1069,0.943454
1069,1109,0.943454
698,460,0.943437
460,698,0.943437
1788,1798,0.943395
1798,1788,0.943395
2080,2331,0.943387
1565,1550,0.943222
1550,1565,0.943222
2447,2521,0.943151
2540,2414,0.943106
2414,2540,0.943106
708,689,0.943074
2681,2698,0.943041
2698,2681,0.943041
2548,2542,0.943012
2542,2548,0.943012
2518,2380,0.942991
2446,2424,0.942869
2424,2446,0.942869
2612,2574,0.942843
2574,2612,0.942843
1084,1093,0.942833
1186,1519,0.942816
1778,1739,0.942807
1739,1778,0.942807
2604,2542,0.942763
2578,2507,0.942627
24,370,0.942571
370,24,0.942571
2525,2524,0.942503
2524,2525,0.942503
2391,2392,0.942465
2392,2391,0.942465
840,868,0.942418
868,840,0.942418
2464,2688,0.942399
2688,2464,0.942399
1734,1733,0.942372
1733,1734,0.942372
2092,2710,0.942334
2240,2097,0.942308
1298,1186,0.942256
2714,2589,0.942197
1495,1498,0.942169
2553,2410,0.942065
2410,2553,0.942065
2633,2635,0.942061
2635,2633,0.942061
2414,2541,0.942058
867,861,0.942035
861,867,0.942035
2536,2624,0.942011
2624,2536,0.942011
13,224,0.941936
224,13,0.941936
1232,1464,0.941889
1464,1232,0.941889
708,654,0.941835
2582,2660,0.941812
2660,2582,0.941812
697,702,0.941759
702,697,0.941759
2580,2581,0.941716
2329,2017,0.941704
2677,2660,0.941686
1953,2284,0.941682
2284,1953,0.941682
2376,2431,0.941637
2281,2217,0.941628
2217,2281,0.941628
2619,2519,0.941561
2519,2619,0.941561
2476,2377,0.941473
2377,2476,0.941473
361,372,0.941423
372,361,0.941423
2547,2521,0.941319
962,938,0.941288
938,962,0.941288
361,264,0.941255
264,361,0.941255
328,13,0.941162
13,328,0.941162
224,338,0.941128
338,224,0.941128
2184,2256,0.941073
2256,2184,0.941073
2215,2071,0.941034
2071,2215,0.941034
915,2145,0.940911
2145,915,0.940911
2447,2380,0.940877
2066,2228,0.940812
2424,2432,0.940792
2429,2521,0.940775
2372,2368,0.940630
2467,2560,0.940261
2560,2467,0.940261
2382,2368,0.940222
2512,2560,0.940146
1067,1045,0.940040
2188,2032,0.940016
2032,2188,0.940016
1798,1797,0.939675
771,832,0.939610
832,771,0.939610
2625,2401,0.939549
66,24,0.939450
24,66,0.939450
2511,2402,0.939380
1876,1835,0.939341
1835,1876,0.939341
338,24,0.939315
2039,1999,0.939270
1999,2039,0.939270
2652,2655,0.939202
2655,2652,0.939202
459,698,0.939101
698,459,0.939101
2474,2521,0.939052
2028,2159,0.938986
2159,2028,0.938986
195,202,0.938921
202,195,0.938921
2256,1915,0.938883
1915,2256,0.938883
125,50,0.938860
50,125,0.938860
528,598,0.938860
598,528,0.938860
1793,1805,0.938757
1805,1793,0.938757
2130,2255,0.938704
2395,2592,0.938700
538,505,0.938675
505,538,0.938675
2606,2467,0.938615
2467,2606,0.938615
1343,1513,0.938611
2565,2462,0.938585
2626,2551,0.938490
2551,2626,0.938490
2066,2018,0.938442
2136,2030,0.938084
1740,1739,0.938050
1739,1740,0.938050
2494,2508,0.937972
1967,2354,0.937958
528,593,0.937931
2358,2328,0.937846
455,634,0.937834
634,455,0.937834
2476,2432,0.937791
1804,1788,0.937732
451,684,0.937675
2415,2446,0.937627
2625,2418,0.937476
2418,2625,0.937476
2372,2413,0.937380
2373,2401,0.937367
282,13,0.937300
2215,2017,0.937290
1389,1424,0.937055
2080,2066,0.936963
328,12,0.936953
12,328,0.936953
329,13,0.936935
2533,2449,0.936931
601,631,0.936850
631,601,0.936850
2050,2145,0.936789
2145,2050,0.936789
1187,1157,0.936788
2545,2536,0.936756
2536,2545,0.936756
1384,1150,0.936732
1150,1384,0.936732
200,12,0.936672
12,200,0.936672
1202,1510,0.936528
2580,2583,0.936477
2516,2642,0.936404
2642,2516,0.936404
2403,2462,0.936333
2516,2518,0.936292
455,523,0.936238
523,455,0.936238
2180,2179,0.936134
2179,2180,0.936134
828,817,0.936108
817,828,0.936108
526,579,0.936040
579,526,0.936040
2629,2467,0.935988
201,278,0.935976
278,201,0.935976
2403,2521,0.935917
831,865,0.935914
865,831,0.935914
2458,2386,0.935906
1240,1201,0.935876
1201,1240,0.935876
205,55,0.935851
2379,2560,0.935816
544,631,0.935767
631,544,0.935767
481,598,0.935694
82,328,0.935673
2408,2419,0.935650
2085,2215,0.935647
2352,2353,0.935641
67,278,0.935568
435,72,0.935568
72,435,0.935568
67,55,0.935527
1885,1844,0.935478
1844,1885,0.935478
394,383,0.935395
383,394,0.935395
1202,1381,0.935356
2387,2418,0.935335
1548,1778,0.935277
435,338,0.935269
2702,2467,0.935212
83,192,0.935210
192,83,0.935210
1830,1835,0.935134
1835,1830,0.935134
2690,2553,0.935090
2553,2690,0.935090
2604,2432,0.934977
2544,2385,0.934956
2385,2544,0.934956
1389,1189,0.934922
719,758,0.934915
758,719,0.934915
1969,2353,0.934896
2428,2372,0.934878
2245,2035,0.934853
271,435,0.934679
392,2356,0.934615
2356,392,0.934615
2452,2462,0.934590
1911,2396,0.934463
1531,1326,0.934460
1326,1531,0.934460
2568,2418,0.934421
2025,2328,0.934413
2311,1990,0.934318
1990,2311,0.934318
2430,2518,0.934308
208,67,0.934256
1914,2248,0.934221
2248,1914,0.934221
1164,1320,0.934196
1320,1164,0.934196
2112,2329,0.934131
107,8,0.934125
8,107,0.934125
2231,2341,0.934112
2341,2231,0.934112
381,77,0.934054
77,381,0.934054
343,12,0.934033
639,598,0.933942
1154,1298,0.933933
2429,2507,0.933833
280,40,0.933752
40,280,0.933752
2351,2228,0.933741
1800,1805,0.933694
1805,1800,0.933694
2285,2217,0.933675
2217,2285,0.933675
1319,1230,0.933505
1230,1319,0.933505
2594,241,0.933438
241,2594,0.933438
1956,2138,0.933418
2138,1956,0.933418
2470,2551,0.933407
2551,2470,0.933407
2241,2158,0.933254
2158,2241,0.933254
1525,1273,0.933241
1273,1525,0.933241
2143,260,0.933207
260,2143,0.933207
265,278,0.933207
82,197,0.933164
197,82,0.933164
1809,1822,0.933148
1822,1809,0.933148
2601,2403,0.933133
2051,2329,0.933107
2241,2067,0.933105
2067,2241,0.933105
376,328,0.933089
2410,2668,0.933044
2668,2410,0.933044
2460,2413,0.933021
2351,2315,0.933009
2609,2410,0.933003
2468,2418,0.932936
2299,2295,0.932864
2295,2299,0.932864
63,264,0.932837
264,63,0.932837
2417,2455,0.932833
2455,2417,0.932833
2339,1977,0.932829
210,13,0.932759
72,24,0.932686
962,936,0.932658
936,962,0.932658
2659,2624,0.932653
260,963,0.932577
2259,2138,0.932485
2138,2259,0.932485
2709,2379,0.932459
2379,2709,0.932459
346,1364,0.932445
1364,346,0.932445
2460,2382,0.932398
2549,2373,0.932187
2520,2380,0.932183
2051,2328,0.932170
2320,2269,0.932153
2269,2320,0.932153
2483,2410,0.932106
1094,1099,0.932069
1099,1094,0.932069
381,12,0.931923
2577,2418,0.931921
1531,1495,0.931896
2626,2595,0.931825
1572,1754,0.931785
1754,1572,0.931785
197,328,0.931755
2702,2629,0.931661
1728,1716,0.931645
1716,1728,0.931645
508,452,0.931639
452,508,0.931639
2606,2516,0.931509
1169,1458,0.931491
1458,1169,0.931491
331,200,0.931477
142,226,0.931379
226,142,0.931379
2458,2446,0.931368
2112,2085,0.931311
1957,1990,0.931308
1990,1957,0.931308
429,208,0.931296
1526,1382,0.931255
1382,1526,0.931255
1470,1495,0.931213
2697,2507,0.931084
2140,2187,0.931080
2187,2140,0.931080
66,72,0.930998
2151,2240,0.930993
2240,2151,0.930993
2439,2547,0.930883
2428,2413,0.930855
307,200,0.930830
205,208,0.930732
2574,2521,0.930719
702,678,0.930483
368,13,0.930480
1863,1827,0.930457
1827,1863,0.930457
370,338,0.930449
1371,1464,0.930378
1464,1371,0.930378
984,2547,0.930368
2565,2511,0.930285
1350,1232,0.930265
1232,1350,0.930265
2642,2414,0.930227
2533,2397,0.930222
2064,2331,0.930197
2662,2661,0.930058
2661,2662,0.930058
526,568,0.930050
568,526,0.930050
80,82,0.929989
1260,1214,0.929940
1214,1260,0.929940
471,655,0.929906
655,471,0.929906
2651,2447,0.929764
1874,1831,0.929753
1831,1874,0.929753
2697,2403,0.929743
1470,1497,0.929736
98,338,0.929734
1049,1059,0.929628
2398,2382,0.929618
2519,2624,0.929613
2430,2401,0.929560
2416,2604,0.929422
1187,1519,0.929349
421,372,0.929343
372,421,0.929343
1848,1860,0.929309
1860,1848,0.929309
2404,2460,0.929185
1064,1065,0.929170
1065,1064,0.929170
2577,2568,0.929021
2568,2577,0.929021
2452,2515,0.929008
2487,2491,0.929000
2491,2487,0.929000
825,770,0.928982
770,825,0.928982
2543,2553,0.928923
1810,1815,0.928898
1815,1810,0.928898
34,176,0.928856
176,34,0.928856
282,67,0.928836
343,13,0.928812
932,997,0.928794
997,932,0.928794
1471,2143,0.928770
2376,2413,0.928732
1471,310,0.928727
310,1471,0.928727
2571,2386,0.928706
936,946,0.928705
946,936,0.928705
2488,2629,0.928692
1526,1368,0.928617
2566,2642,0.928571
2614,2515,0.928541
2038,1997,0.928524
2668,2702,0.928514
1803,1805,0.928485
989,2143,0.928378
2549,2380,0.928247
2690,2488,0.928151
2488,2690,0.928151
2096,2056,0.928135
2601,2560,0.928119
429,189,0.927947
189,429,0.927947
275,361,0.927934
298,413,0.927921
413,298,0.927921
249,963,0.927889
1548,1621,0.927784
1621,1548,0.927784
452,654,0.927782
406,278,0.927696
2658,2553,0.927688
2608,2623,0.927660
2623,2608,0.927660
2261,2225,0.927621
2225,2261,0.927621
2417,2668,0.927562
1136,1117,0.927532
1117,1136,0.927532
1163,1200,0.927472
1142,2624,0.927447
1958,1990,0.927446
2038,1968,0.927393
2370,2612,0.927312
1988,2138,0.927263
470,652,0.927236
327,372,0.927208
2399,2624,0.927194
329,338,0.927118
540,455,0.927083
2538,2432,0.927081
2566,2516,0.927026
756,738,0.926979
738,756,0.926979
2658,2452,0.926934
1090,1048,0.926923
1048,1090,0.926923
1817,1850,0.926873
1850,1817,0.926873
69,8,0.926861
8,69,0.926861
2387,2568,0.926857
2445,2456,0.926829
2456,2445,0.926829
2647,2643,0.926763
2643,2647,0.926763
2222,2334,0.926699
1865,1828,0.926696
1828,1865,0.926696
2654,2422,0.926657
268,24,0.926612
1051,1117,0.926604
1117,1051,0.926604
225,8,0.926561
2478,2387,0.926512
2505,2379,0.926510
2248,2124,0.926447
2614,2432,0.926335
181,253,0.926335
253,181,0.926335
391,338,0.926315
1886,1883,0.926311
1883,1886,0.926311
639,528,0.926309
2073,2285,0.926302
1752,523,0.926294
523,1752,0.926294
1440,1472,0.926266
1472,1440,0.926266
2543,2410,0.926246
2554,2435,0.926205
2435,2554,0.926205
2369,2372,0.926178
1417,1398,0.926130
1398,1417,0.926130
1486,1236,0.926111
1236,1486,0.926111
2632,2434,0.926094
2434,2632,0.926094
421,394,0.926048
394,421,0.926048
176,175,0.926009
175,176,0.926009
2540,2516,0.926005
2505,2399,0.926002
2399,2505,0.926002
560,454,0.925866
454,560,0.925866
249,163,0.925849
163,249,0.925849
1523,1338,0.925818
1338,1523,0.925818
2356,18,0.925792
18,2356,0.925792
68,12,0.925789
2268,2059,0.925749
2059,2268,0.925749
2398,2372,0.925696
1147,1149,0.925691
1149,1147,0.925691
1919,2092,0.925529
2092,1919,0.925529
101,327,0.925417
327,101,0.925417
2404,2369,0.925386
1323,1526,0.925285
2504,2543,0.925211
592,572,0.925178
572,592,0.925178
53,390,0.925162
390,53,0.925162
391,200,0.925134
2483,2553,0.925080
2087,2281,0.925014
2504,2410,0.925002
2571,2614,0.924970
1852,1850,0.924919
2619,2629,0.924887
202,201,0.924885
201,202,0.924885
2390,2393,0.924849
2393,2390,0.924849
2064,2071,0.924738
434,333,0.924710
333,434,0.924710
1371,1232,0.924668
2675,2595,0.924667
2370,2467,0.924661
98,225,0.924568
225,98,0.924568
2478,2460,0.924555
217,18,0.924539
18,217,0.924539
657,462,0.924530
462,657,0.924530
409,365,0.924384
365,409,0.924384
700,513,0.924373
513,700,0.924373
1728,1538,0.924295
1538,1728,0.924295
332,72,0.924291
2675,2551,0.924202
1326,1495,0.924155
409,267,0.924132
267,409,0.924132
1475,1402,0.924126
1402,1475,0.924126
2284,2358,0.924096
2696,2647,0.924049
2647,2696,0.924049
2605,2560,0.923973
2436,2512,0.923876
386,427,0.923863
427,386,0.923863
101,372,0.923854
592,634,0.923825
634,592,0.923825
2468,2536,0.923747
985,1398,0.923745
1398,985,0.923745
597,559,0.923707
559,597,0.923707
540,634,0.923694
2605,2467,0.923669
1512,1232,0.923618
1462,1440,0.923604
207,197,0.923565
1284,1273,0.923403
1273,1284,0.923403
267,361,0.923398
413,390,0.923289
390,413,0.923289
2459,2624,0.923288
331,195,0.923278
195,331,0.923278
572,621,0.923266
621,572,0.923266
107,376,0.923257
1095,1054,0.923224
1054,1095,0.923224
1821,1835,0.923200
560,663,0.922880
663,560,0.922880
347,349,0.922862
349,347,0.922862
1364,1218,0.922839
1218,1364,0.922839
2411,2509,0.922810
2509,2411,0.922810
2151,2067,0.922807
2459,2536,0.922790
1338,1258,0.922776
1258,1338,0.922776
210,187,0.922700
463,657,0.922667
657,463,0.922667
1752,455,0.922472
307,82,0.922453
542,572,0.922421
128,361,0.922384
397,384,0.922360
384,397,0.922360
1455,1257,0.922343
1257,1455,0.922343
412,362,0.922330
362,412,0.922330
2610,2502,0.922323
2502,2610,0.922323
993,2512,0.922306
350,249,0.922227
156,228,0.922216
228,156,0.922216
2434,2467,0.922202
763,905,0.922081
905,763,0.922081
63,372,0.922070
2659,2418,0.922053
1218,1417,0.922041
1417,1218,0.922041
380,413,0.922004
341,383,0.921964
159,229,0.921926
229,159,0.921926
1221,1512,0.921906
1512,1221,0.921906
1473,1441,0.921898
1441,1473,0.921898
388,53,0.921893
69,200,0.921840
492,493,0.921701
493,492,0.921701
2692,2470,0.921674
2470,2692,0.921674
220,337,0.921674
337,220,0.921674
544,572,0.921451
1192,1185,0.921338
1185,1192,0.921338
2412,2485,0.921302
2485,2412,0.921302
2616,2382,0.921204
2006,2260,0.921106
2260,2006,0.921106
1915,2218,0.921053
363,365,0.921005
365,363,0.921005
2260,2256,0.920905
2416,2515,0.920878
1383,1224,0.920854
1224,1383,0.920854
2263,2354,0.920797
1409,1471,0.920766
189,208,0.920751
1296,1440,0.920736
1178,1355,0.920707
1355,1178,0.920707
77,221,0.920705
221,77,0.920705
2653,2417,0.920698
388,63,0.920632
2544,2551,0.920607
1953,2025,0.920584
601,544,0.920524
2251,1988,0.920503
1988,2251,0.920503
2456,2380,0.920399
1163,1519,0.920361
1397,1179,0.920328
1179,1397,0.920328
1817,1877,0.920322
1877,1817,0.920322
380,327,0.920297
125,189,0.920292
375,264,0.920182
2695,2642,0.920160
2492,2560,0.920085
2250,2356,0.919952
491,460,0.919940
2406,2403,0.919936
398,394,0.919892
332,338,0.919889
375,202,0.919845
17,87,0.919786
87,17,0.919786
2492,2612,0.919768
2539,2671,0.919768
2671,2539,0.919768
938,936,0.919622
1132,1108,0.919594
1108,1132,0.919594
556,570,0.919586
570,556,0.919586
579,557,0.919525
2391,2393,0.919513
2393,2391,0.919513
925,2386,0.919457
341,278,0.919451
2500,2418,0.919429
276,361,0.919367
2121,18,0.919292
682,592,0.919282
2251,2311,0.919221
1241,1410,0.919221
1410,1241,0.919221
2371,2389,0.919159
2389,2371,0.919159
1758,1631,0.919125
1631,1758,0.919125
1803,1793,0.919111
262,242,0.919078
242,262,0.919078
19,107,0.919045
569,1728,0.919045
2383,2599,0.919041
2599,2383,0.919041
2436,2568,0.919016
128,2509,0.919004
2509,128,0.919004
1956,2259,0.918999
2259,1956,0.918999
942,2518,0.918957
2451,2423,0.918820
163,260,0.918768
412,417,0.918746
417,412,0.918746
2411,2670,0.918725
2670,2411,0.918725
1852,1817,0.918515
58,11,0.918494
11,58,0.918494
475,563,0.918471
563,475,0.918471
310,309,0.918445
309,310,0.918445
1241,1229,0.918442
1229,1241,0.918442
389,391,0.918441
454,663,0.918384
663,454,0.918384
367,337,0.918340
337,367,0.918340
1515,1241,0.918303
268,23,0.918278
23,268,0.918278
518,542,0.918266
542,518,0.918266
597,526,0.918231
470,653,0.918213
273,338,0.918207
1507,1464,0.918200
1296,1169,0.918184
1169,1296,0.918184
2381,2379,0.918059
2651,2459,0.917964
209,194,0.917953
194,209,0.917953
2263,2295,0.917926
2295,2263,0.917926
2222,2224,0.917906
1284,1464,0.917831
1415,1408,0.917770
1408,1415,0.917770
2559,428,0.917698
428,2559,0.917698
1357,1350,0.917687
1350,1357,0.917687
40,388,0.917619
1621,1778,0.917601
280,405,0.917596
405,280,0.917596
2506,2613,0.917584
2613,2506,0.917584
1190,1440,0.917507
2455,2566,0.917448
2383,2605,0.917378
1257,1178,0.917294
1178,1257,0.917294
1309,1426,0.917283
1426,1309,0.917283
462,463,0.917213
463,462,0.917213
2674,2509,0.917200
237,419,0.917146
419,237,0.917146
2616,2372,0.917125
2500,2387,0.917121
2691,2652,0.917070
2652,2691,0.917070
2096,2199,0.917029
49,433,0.917017
433,49,0.917017
622,599,0.916982
599,622,0.916982
203,101,0.916943
2525,2523,0.916916
2523,2525,0.916916
19,8,0.916893
94,114,0.916884
114,94,0.916884
994,2543,0.916879
419,41,0.916816
41,419,0.916816
243,1868,0.916765
1868,243,0.916765
68,381,0.916755
2695,2505,0.916704
1164,1443,0.916448
1443,1164,0.916448
23,98,0.916299
1147,1142,0.916283
1142,1147,0.916283
2620,2483,0.916243
1323,1382,0.916224
2628,2487,0.916188
2487,2628,0.916188
364,83,0.916185
83,364,0.916185
127,73,0.916154
73,127,0.916154
2421,2509,0.916137
1303,2372,0.916130
50,208,0.916093
434,365,0.916077
84,205,0.916072
1316,1396,0.916050
1396,1316,0.916050
1523,1980,0.916027
1980,1523,0.916027
58,107,0.916014
100,125,0.916001
392,2039,0.915998
2039,392,0.915998
100,197,0.915936
2538,2515,0.915917
1229,1464,0.915856
1236,2509,0.915806
697,678,0.915799
2339,2230,0.915703
2371,2404,0.915680
279,200,0.915649
317,333,0.915644
1574,1631,0.915622
979,1032,0.915612
1032,979,0.915612
1547,1654,0.915569
1654,1547,0.915569
2044,1911,0.915537
424,434,0.915512
221,68,0.915465
508,708,0.915462
1481,1175,0.915390
1175,1481,0.915390
621,599,0.915296
599,621,0.915296
217,2356,0.915239
2557,2483,0.915238
96,148,0.915182
148,96,0.915182
2557,2620,0.915131
2620,2557,0.915131
1525,1178,0.915128
2389,2549,0.915126
275,267,0.915083
9,134,0.915029
134,9,0.915029
134,338,0.915021
395,383,0.915007
2451,2551,0.914970
2641,2455,0.914962
272,338,0.914947
2618,2656,0.914836
2656,2618,0.914836
2406,2521,0.914773
619,701,0.914602
701,619,0.914602
1436,1402,0.914566
1402,1436,0.914566
2526,2580,0.914560
1853,1836,0.914434
1836,1853,0.914434
2190,2205,0.914433
2205,2190,0.914433
2444,2458,0.914424
1258,1523,0.914363
1034,2607,0.914358
2607,1034,0.914358
22,279,0.914355
425,185,0.914264
185,425,0.914264
2444,2574,0.914255
149,163,0.914189
966,2483,0.914129
2698,2680,0.914116
2680,2698,0.914116
272,189,0.914059
398,326,0.914054
326,398,0.914054
682,572,0.914039
1647,599,0.914031
188,419,0.913952
984,2432,0.913918
1481,1455,0.913915
1455,1481,0.913915
2694,2487,0.913899
1216,1501,0.913868
1501,1216,0.913868
2149,2018,0.913841
2632,2543,0.913840
2006,1915,0.913805
1457,158,0.913779
158,1457,0.913779
1054,1108,0.913750
1108,1054,0.913750
1564,1777,0.913736
1777,1564,0.913736
1482,1198,0.913721
1198,1482,0.913721
1372,1526,0.913702
1980,1357,0.913646
1357,1980,0.913646
2711,2504,0.913644
106,66,0.913632
982,954,0.913614
954,982,0.913614
277,363,0.913591
363,277,0.913591
265,383,0.913544
2643,2540,0.913507
246,1869,0.913476
1869,246,0.913476
2550,2612,0.913471
14,55,0.913394
942,2401,0.913330
2437,2487,0.913320
1150,1155,0.913286
1155,1150,0.913286
937,938,0.913260
1962,2414,0.913164
1476,1371,0.913134
2015,1472,0.913096
2522,2523,0.913086
1590,1553,0.913048
1553,1590,0.913048
1499,1402,0.913011
1446,1512,0.913004
1813,164,0.912997
164,1813,0.912997
220,211,0.912973
211,220,0.912973
2427,2616,0.912946
1149,1303,0.912853
1303,1149,0.912853
1167,1192,0.912811
1192,1167,0.912811
2576,2612,0.912767
937,962,0.912767
368,210,0.912755
2044,2311,0.912751
194,371,0.912715
371,194,0.912715
1449,243,0.912702
243,1449,0.912702
373,61,0.912700
61,373,0.912700
1121,1109,0.912689
1109,1121,0.912689
1151,1319,0.912652
1319,1151,0.912652
1507,1232,0.912646
2603,2487,0.912631
410,413,0.912616
2693,2509,0.912606
2099,1980,0.912513
518,634,0.912494
1121,1069,0.912470
1069,1121,0.912470
2650,2600,0.912442
2600,2650,0.912442
345,406,0.912427
485,455,0.912411
1467,1443,0.912405
1443,1467,0.912405
1102,1100,0.912363
1100,1102,0.912363
9,332,0.912330
834,776,0.912317
776,834,0.912317
968,2690,0.912315
822,88,0.912312
88,822,0.912312
1480,1462,0.912305
1158,328,0.912263
1506,1440,0.912259
1979,1996,0.912246
1996,1979,0.912246
2545,2689,0.912229
2689,2545,0.912229
340,341,0.912224
143,399,0.912223
399,143,0.912223
246,1449,0.912203
1449,246,0.912203
1955,2224,0.912077
776,783,0.911967
783,776,0.911967
410,101,0.911884
1679,1574,0.911843
1428,1175,0.911817
1175,1428,0.911817
1995,2177,0.911761
2177,1995,0.911761
1999,88,0.911755
88,1999,0.911755
2688,2387,0.911720
620,556,0.911718
556,620,0.911718
346,1218,0.911676
2694,2617,0.911653
2617,2694,0.911653
150,108,0.911628
108,150,0.911628
2573,2560,0.911574
2689,2459,0.911529
1492,1169,0.911479
622,621,0.911477
1475,1473,0.911457
1473,1475,0.911457
218,248,0.911451
248,218,0.911451
2641,2566,0.911430
166,47,0.911428
47,166,0.911428
57,111,0.911420
111,57,0.911420
2653,2691,0.911406
2691,2653,0.911406
442,61,0.911354
61,442,0.911354
147,373,0.911229
373,147,0.911229
2149,2136,0.911146
650,537,0.911109
537,650,0.911109
1216,1512,0.911079
274,61,0.911066
2526,2583,0.910977
317,67,0.910946
81,362,0.910902
362,81,0.910902
78,2140,0.910901
2140,78,0.910901
425,57,0.910899
57,425,0.910899
2572,2495,0.910897
2495,2572,0.910897
822,18,0.910891
2598,2468,0.910842
1155,1384,0.910833
1384,1155,0.910833
396,1437,0.910826
1437,396,0.910826
2628,396,0.910753
396,2628,0.910753
2598,2387,0.910740
330,436,0.910714
436,330,0.910714
492,460,0.910616
1012,1728,0.910514
1177,1384,0.910500
1089,1077,0.910455
1077,1089,0.910455
2072,822,0.910454
1087,83,0.910439
2469,2487,0.910411
732,920,0.910373
920,732,0.910373
1518,1431,0.910329
1431,1518,0.910329
99,424,0.910150
277,383,0.910029
7,2,0.909989
92,404,0.909969
404,92,0.909969
2426,2483,0.909930
371,12,0.909918
2707,2412,0.909869
2412,2707,0.909869
41,327,0.909853
1262,1029,0.909842
1029,1262,0.909842
1734,1768,0.909825
1768,1734,0.909825
1341,1402,0.909713
1196,1433,0.909709
1433,1196,0.909709
2325,1355,0.909645
1355,2325,0.909645
1436,1475,0.909618
2059,1969,0.909604
1087,364,0.909587
1514,1247,0.909568
1247,1514,0.909568
1214,1350,0.909555
70,302,0.909516
302,70,0.909516
395,406,0.909490
65,69,0.909459
1278,1490,0.909452
1490,1278,0.909452
2205,2183,0.909445
2183,2205,0.909445
694,513,0.909404
513,694,0.909404
1486,1284,0.909381
2495,2475,0.909314
2475,2495,0.909314
535,262,0.909311
262,535,0.909311
505,491,0.909301
2011,2322,0.909285
2322,2011,0.909285
326,406,0.909274
2657,2542,0.909265
11,221,0.909209
1374,1336,0.909196
1336,1374,0.909196
237,2442,0.909193
2442,237,0.909193
374,205,0.909152
2572,2434,0.909135
1955,2184,0.909086
954,1030,0.909078
1030,954,0.909078
330,194,0.909076
211,337,0.909031
2121,2356,0.909017
443,237,0.908995
129,390,0.908972
384,394,0.908929
1198,1480,0.908888
521,501,0.908852
501,521,0.908852
180,151,0.908826
151,180,0.908826
2517,2555,0.908800
2555,2517,0.908800
1573,1657,0.908756
1657,1573,0.908756
2381,2641,0.908734
1664,1680,0.908723
1680,1664,0.908723
949,968,0.908718
968,949,0.908718
111,141,0.908706
141,111,0.908706
1177,1529,0.908693
1529,1177,0.908693
2648,2451,0.908668
203,327,0.908649
2617,2509,0.908614
2692,2515,0.908601
1733,1768,0.908601
1768,1733,0.908601
99,396,0.908592
1260,1350,0.908587
347,1724,0.908441
1724,347,0.908441
1004,2654,0.908420
1383,1462,0.908396
1203,1192,0.908377
1265,1507,0.908300
2552,2495,0.908268
84,55,0.908157
2275,1177,0.908153
1287,1215,0.908106
1215,1287,0.908106
301,330,0.908098
994,2422,0.908094
2392,2393,0.908081
1307,2626,0.908036
1647,621,0.908000
1339,1185,0.907968
1185,1339,0.907968
71,396,0.907968
619,516,0.907950
516,619,0.907950
752,2329,0.907908
271,398,0.907906
2261,1955,0.907870
2321,2442,0.907815
2442,2321,0.907815
2655,2213,0.907813
2213,2655,0.907813
350,963,0.907801
475,601,0.907793
141,53,0.907768
925,2446,0.907760
2610,968,0.907744
182,352,0.907720
352,182,0.907720
1286,1241,0.907713
2491,2694,0.907627
1179,1357,0.907590
81,114,0.907508
114,81,0.907508
2645,2502,0.907477
2502,2645,0.907477
1282,233,0.907425
233,1282,0.907425
228,60,0.907424
60,228,0.907424
1205,1374,0.907381
1374,1205,0.907381
1072,410,0.907360
961,1369,0.907355
1369,961,0.907355
273,24,0.907328
1482,1480,0.907307
966,968,0.907260
261,166,0.907243
600,544,0.907127
546,601,0.907126
426,228,0.907108
569,1716,0.907044
1716,569,0.907044
2336,2056,0.907010
1677,1012,0.906954
1012,1677,0.906954
1237,1273,0.906905
71,2628,0.906860
1946,2209,0.906819
2209,1946,0.906819
2645,2603,0.906812
2603,2645,0.906812
450,631,0.906777
47,312,0.906752
312,47,0.906752
1515,1455,0.906747
405,192,0.906746
192,405,0.906746
489,492,0.906744
1221,1501,0.906690
1501,1221,0.906690
345,383,0.906681
422,146,0.906656
146,422,0.906656
1418,1241,0.906648
993,2401,0.906608
2336,2199,0.906590
2646,2412,0.906581
1814,1865,0.906581
1865,1814,0.906581
1195,1472,0.906572
1286,1464,0.906560
106,265,0.906491
1506,1480,0.906409
2072,217,0.906404
1140,2049,0.906383
2049,1140,0.906383
2390,2391,0.906373
2469,2509,0.906303
2190,2042,0.906300
2042,2190,0.906300
573,1538,0.906277
1538,573,0.906277
637,568,0.906265
568,637,0.906265
1393,1195,0.906255
1195,1393,0.906255
1829,1846,0.906254
86,18,0.906234
1410,1418,0.906215
1418,1410,0.906215
1309,1374,0.906202
1505,1190,0.906201
1190,1505,0.906201
1066,1067,0.906036
1664,1698,0.906015
1698,1664,0.906015
14,208,0.905972
1176,1501,0.905902
2209,1256,0.905865
1256,2209,0.905865
546,455,0.905847
985,1412,0.905842
1412,985,0.905842
281,237,0.905827
2007,217,0.905819
1518,1492,0.905795
1492,1518,0.905795
196,156,0.905770
156,196,0.905770
1234,1383,0.905721
22,68,0.905712
1219,1241,0.905662
2340,1958,0.905641
2441,2651,0.905586
2550,2668,0.905581
1256,1286,0.905554
2425,2544,0.905547
1245,1358,0.905528
1358,1245,0.905528
1722,675,0.905462
675,1722,0.905462
1499,1462,0.905402
2213,2455,0.905389
1151,1428,0.905384
1428,1151,0.905384
2268,1969,0.905377
164,114,0.905376
1307,2551,0.905358
94,362,0.905188
990,1009,0.905187
1009,990,0.905187
1468,1224,0.905155
1224,1468,0.905155
1066,1045,0.905144
1919,2710,0.905126
340,317,0.905097
1139,2049,0.905057
2049,1139,0.905057
2648,2675,0.905041
227,262,0.905009
1031,347,0.904998
1173,1384,0.904945
387,327,0.904917
